Data Log: Total time elapsed, (position), (rotation), Time elapsed since last waypoint, time to current waypoint  

0.2522474,(0.7, 1.5, -0.1),(0.1, -0.1, 0.0, 1.0),0.2522474,n/a
0.5087621,(0.7, 1.5, -0.1),(0.1, -0.1, 0.0, 1.0),0.5087621,n/a
0.766729,(0.7, 1.5, -0.1),(0.1, -0.1, 0.0, 1.0),0.766729,n/a
1.026139,(0.7, 1.5, -0.1),(0.1, -0.1, 0.0, 1.0),1.026139,n/a
1.283074,(0.7, 1.5, 0.0),(0.1, 0.0, 0.0, 1.0),1.283074,n/a
1.539782,(0.7, 1.5, 0.0),(0.1, 0.0, 0.0, 1.0),1.539782,n/a
1.79761,(0.7, 1.6, -0.1),(0.0, 0.0, 0.0, 1.0),1.79761,n/a
2.055436,(0.7, 1.6, -0.1),(0.0, 0.0, 0.0, 1.0),2.055436,n/a
2.310223,(0.7, 1.6, -0.1),(0.0, 0.0, 0.0, 1.0),2.310223,n/a
2.56863,(0.7, 1.6, -0.1),(0.0, 0.0, 0.0, 1.0),2.56863,n/a
2.824478,(0.7, 1.6, 0.0),(0.0, 0.0, 0.0, 1.0),2.824478,n/a
3.077764,(0.7, 1.6, 0.0),(0.0, 0.0, 0.0, 1.0),3.077764,n/a
3.33477,(0.7, 1.6, 0.0),(0.0, 0.0, 0.0, 1.0),3.33477,n/a
3.585347,(0.7, 1.6, 0.0),(0.0, 0.0, 0.0, 1.0),3.585347,n/a
3.841851,(0.7, 1.6, 0.0),(0.0, 0.0, 0.0, 1.0),3.841851,n/a
4.098993,(0.7, 1.6, 0.0),(0.0, 0.0, 0.0, 1.0),4.098993,n/a
4.356134,(0.8, 1.6, 0.0),(0.0, 0.0, 0.0, 1.0),4.356134,n/a
4.613153,(0.8, 1.5, 0.0),(0.0, 0.0, 0.0, 1.0),4.613153,n/a
4.869447,(0.8, 1.6, 0.0),(0.0, 0.0, 0.0, 1.0),4.869447,n/a
5.126261,(0.8, 1.6, 0.0),(0.0, 0.0, 0.0, 1.0),5.126261,n/a
5.382423,(0.8, 1.6, 0.0),(0.0, 0.0, 0.0, 1.0),5.382423,n/a
5.637613,(0.8, 1.6, 0.0),(0.0, 0.0, 0.0, 1.0),5.637613,n/a
5.894931,(0.8, 1.6, 0.0),(0.0, 0.0, 0.0, 1.0),5.894931,n/a
6.153743,(0.8, 1.6, 0.0),(0.0, 0.0, 0.0, 1.0),6.153743,n/a
6.410691,(0.8, 1.6, 0.0),(0.1, 0.0, 0.0, 1.0),6.410691,n/a
6.667755,(0.7, 1.5, 0.1),(0.1, 0.0, 0.0, 1.0),6.667755,n/a
6.928594,(0.8, 1.5, 0.1),(0.1, 0.0, 0.0, 1.0),6.928594,n/a
7.188832,(0.8, 1.5, 0.2),(0.1, 0.0, 0.0, 1.0),7.188832,n/a
7.448822,(0.9, 1.5, 0.3),(0.1, 0.0, 0.0, 1.0),7.448822,n/a
7.703367,(0.9, 1.5, 0.4),(0.1, 0.0, 0.0, 1.0),7.703367,n/a
7.961795,(0.9, 1.5, 0.4),(0.1, 0.0, 0.0, 1.0),7.961795,n/a
8.227229,(0.8, 1.5, 0.5),(0.1, 0.0, 0.0, 1.0),8.227229,n/a
8.484105,(0.8, 1.5, 0.6),(0.1, 0.0, 0.0, 1.0),0.054853,8.429252
8.744223,(0.8, 1.5, 0.7),(0.1, 0.0, 0.0, 1.0),0.3149725,n/a
9.002647,(0.9, 1.5, 0.8),(0.1, -0.1, 0.0, 1.0),0.5733954,n/a
9.259672,(0.9, 1.5, 0.8),(0.1, -0.1, 0.0, 1.0),0.8304218,n/a
9.515978,(0.9, 1.5, 0.9),(0.1, -0.1, 0.0, 1.0),1.086729,n/a
9.771968,(0.9, 1.5, 0.9),(0.1, -0.1, 0.0, 1.0),1.34272,n/a
10.02992,(0.9, 1.5, 0.9),(0.1, 0.0, 0.0, 1.0),1.600672,n/a
10.28571,(0.9, 1.5, 0.9),(0.1, 0.0, 0.0, 1.0),1.856466,n/a
10.54331,(0.9, 1.5, 0.9),(0.1, 0.0, 0.0, 1.0),2.114058,n/a
10.7993,(0.9, 1.5, 0.9),(0.1, 0.0, 0.0, 1.0),2.370055,n/a
11.05638,(0.9, 1.5, 0.9),(0.1, 0.0, 0.0, 1.0),2.627126,n/a
11.31398,(0.9, 1.5, 0.9),(0.1, 0.0, 0.0, 1.0),2.884731,n/a
11.57065,(0.9, 1.5, 0.9),(0.1, -0.1, 0.0, 1.0),3.141405,n/a
11.82808,(0.8, 1.5, 1.0),(0.1, -0.2, 0.0, 1.0),3.398832,n/a
12.08455,(0.8, 1.5, 1.0),(0.1, -0.3, 0.0, 1.0),3.655299,n/a
12.34246,(0.8, 1.5, 1.0),(0.1, -0.4, 0.0, 0.9),3.913211,n/a
12.59579,(0.8, 1.6, 1.0),(0.1, -0.5, 0.0, 0.9),4.166545,n/a
12.85322,(0.8, 1.6, 1.0),(0.1, -0.4, 0.0, 0.9),4.423973,n/a
13.11464,(0.8, 1.5, 1.0),(0.1, -0.2, 0.0, 1.0),4.685398,n/a
13.3652,(0.8, 1.5, 1.0),(0.1, 0.1, 0.0, 1.0),4.93595,n/a
13.62479,(0.9, 1.5, 1.0),(0.1, 0.2, 0.0, 1.0),5.195544,n/a
13.88408,(0.9, 1.5, 0.9),(0.1, 0.4, 0.0, 0.9),5.454825,n/a
14.13866,(1.0, 1.5, 0.9),(0.1, 0.5, 0.0, 0.9),5.709407,n/a
14.39576,(1.0, 1.5, 0.9),(0.1, 0.6, 0.0, 0.8),5.966505,n/a
14.6518,(1.0, 1.5, 0.9),(0.1, 0.7, 0.0, 0.7),6.222548,n/a
14.91077,(1.0, 1.5, 0.9),(0.1, 0.8, -0.1, 0.6),6.481513,n/a
15.16764,(1.0, 1.5, 0.8),(0.1, 0.8, -0.1, 0.6),6.738384,n/a
15.42228,(1.0, 1.5, 0.8),(0.1, 0.9, 0.0, 0.5),6.993022,n/a
15.68081,(1.0, 1.5, 0.7),(0.1, 0.9, 0.0, 0.4),7.251552,n/a
15.93928,(1.0, 1.5, 0.7),(0.1, 0.9, -0.1, 0.3),7.510025,n/a
16.19898,(1.0, 1.5, 0.7),(0.0, 1.0, -0.1, 0.3),7.769732,n/a
16.45118,(1.0, 1.5, 0.7),(0.0, 1.0, -0.1, 0.2),8.021931,n/a
16.70964,(1.0, 1.5, 0.6),(0.0, 1.0, -0.1, 0.2),8.280391,n/a
16.96595,(0.9, 1.5, 0.6),(0.0, 1.0, 0.0, 0.1),8.536699,n/a
17.22339,(0.9, 1.5, 0.5),(0.0, 1.0, -0.1, 0.0),8.794137,n/a
17.47921,(0.9, 1.5, 0.5),(0.0, 1.0, -0.1, 0.0),9.049955,n/a
17.7373,(0.9, 1.5, 0.4),(0.0, 1.0, -0.1, 0.0),9.308046,n/a
17.99442,(0.9, 1.5, 0.4),(0.0, 1.0, -0.1, 0.0),9.565169,n/a
18.25129,(0.9, 1.5, 0.3),(0.0, 1.0, -0.1, 0.0),9.822038,n/a
18.50402,(0.8, 1.5, 0.3),(0.0, 1.0, -0.1, 0.0),10.07477,n/a
18.76376,(0.8, 1.5, 0.2),(0.0, 1.0, -0.1, 0.0),10.33451,n/a
19.02101,(0.8, 1.5, 0.2),(0.0, 1.0, -0.1, 0.0),10.59175,n/a
19.27745,(0.8, 1.5, 0.2),(0.0, 1.0, -0.1, 0.0),10.84819,n/a
19.53481,(0.8, 1.5, 0.1),(0.0, 1.0, -0.1, 0.0),11.10555,n/a
19.79063,(0.8, 1.5, 0.0),(0.0, 1.0, 0.0, 0.0),11.36137,n/a
20.04763,(0.8, 1.5, 0.0),(0.0, 1.0, -0.1, 0.0),11.61837,n/a
20.30638,(0.8, 1.5, -0.1),(0.0, 1.0, -0.1, 0.0),11.87713,n/a
20.56333,(0.8, 1.5, -0.2),(0.0, 1.0, 0.0, 0.0),12.13408,n/a
20.81744,(0.7, 1.5, -0.2),(0.0, 1.0, 0.0, 0.0),12.38818,n/a
21.07552,(0.7, 1.5, -0.3),(0.0, 1.0, 0.0, 0.0),12.64626,n/a
21.33393,(0.7, 1.5, -0.3),(0.0, 1.0, 0.0, 0.0),12.90468,n/a
21.59087,(0.7, 1.5, -0.4),(0.0, 1.0, 0.0, 0.0),13.16161,n/a
21.8478,(0.8, 1.5, -0.4),(0.0, 1.0, 0.0, 0.0),13.41855,n/a
22.10499,(0.8, 1.5, -0.4),(0.0, 1.0, 0.0, 0.0),13.67574,n/a
22.36203,(0.8, 1.5, -0.4),(0.0, 1.0, -0.1, 0.0),13.93278,n/a
22.61842,(0.8, 1.5, -0.4),(0.0, 1.0, -0.1, 0.0),14.18917,n/a
22.87393,(0.8, 1.5, -0.4),(0.0, 1.0, -0.1, 0.0),14.44469,n/a
23.13093,(0.8, 1.5, -0.4),(0.0, 1.0, -0.1, 0.0),14.70169,n/a
23.38835,(0.8, 1.5, -0.4),(0.0, 1.0, -0.1, 0.0),14.95911,n/a
23.64655,(0.8, 1.5, -0.4),(0.0, 1.0, -0.1, 0.0),15.21731,n/a
23.90312,(0.8, 1.5, -0.5),(0.0, 1.0, -0.1, 0.0),15.47388,n/a
24.15947,(0.8, 1.5, -0.5),(0.0, 1.0, -0.1, 0.0),15.73024,n/a
24.41637,(0.8, 1.5, -0.5),(0.0, 1.0, -0.1, 0.0),15.98713,n/a
24.67393,(0.8, 1.5, -0.5),(0.0, 1.0, -0.1, 0.0),0.04472046,16.19998
24.93061,(0.8, 1.5, -0.5),(0.0, 1.0, -0.1, 0.0),0.3013911,n/a
25.18726,(0.8, 1.5, -0.5),(0.0, 1.0, -0.1, 0.0),0.558044,n/a
25.44456,(0.8, 1.5, -0.5),(0.0, 1.0, -0.1, 0.0),0.8153434,n/a
25.70525,(0.8, 1.5, -0.5),(0.0, 1.0, -0.1, 0.0),1.076031,n/a
25.9664,(0.8, 1.5, -0.5),(0.0, 1.0, -0.1, 0.0),1.337183,n/a
26.22573,(0.8, 1.5, -0.5),(0.0, 1.0, -0.1, 0.0),1.596514,n/a
26.48318,(0.8, 1.5, -0.5),(0.0, 1.0, -0.1, 0.0),1.853966,n/a
26.74028,(0.8, 1.5, -0.5),(0.0, 1.0, -0.1, 0.0),2.111059,n/a
26.99705,(0.8, 1.5, -0.5),(0.0, 1.0, -0.1, 0.0),2.367834,n/a
27.25407,(0.8, 1.5, -0.5),(0.0, 1.0, -0.1, 0.0),2.624851,n/a
27.51089,(0.8, 1.5, -0.5),(0.0, 1.0, 0.0, 0.0),2.881666,n/a
27.76745,(0.8, 1.5, -0.5),(0.0, 1.0, -0.1, 0.0),3.138232,n/a
28.02472,(0.8, 1.5, -0.5),(0.0, 1.0, -0.1, 0.0),3.395497,n/a
28.2793,(0.8, 1.5, -0.5),(0.0, 1.0, -0.1, 0.0),3.650075,n/a
28.53683,(0.8, 1.5, -0.4),(0.0, 1.0, 0.0, -0.1),3.907597,n/a
28.79538,(0.8, 1.5, -0.5),(0.0, 1.0, -0.1, 0.0),4.166151,n/a
29.05217,(0.8, 1.5, -0.5),(0.0, 1.0, -0.1, 0.0),4.422934,n/a
29.30926,(0.8, 1.5, -0.5),(0.0, 1.0, -0.1, -0.1),4.680026,n/a
29.56625,(0.7, 1.5, -0.4),(0.0, 1.0, -0.1, -0.2),4.93702,n/a
29.82038,(0.7, 1.5, -0.4),(0.0, 0.9, -0.1, -0.4),5.191149,n/a
30.07905,(0.7, 1.5, -0.4),(0.0, 0.9, -0.1, -0.4),5.449826,n/a
30.33687,(0.7, 1.5, -0.4),(0.0, 0.9, -0.1, -0.5),5.707638,n/a
30.59235,(0.7, 1.5, -0.4),(0.0, 0.9, -0.1, -0.5),5.963121,n/a
30.84897,(0.7, 1.5, -0.4),(-0.1, 0.9, -0.1, -0.5),6.21974,n/a
31.10706,(0.7, 1.5, -0.4),(-0.1, 0.9, -0.1, -0.5),6.477827,n/a
31.36324,(0.7, 1.5, -0.4),(-0.1, 0.9, -0.1, -0.5),6.734014,n/a
31.61963,(0.7, 1.5, -0.4),(-0.1, 0.9, -0.1, -0.5),6.990402,n/a
31.87654,(0.7, 1.5, -0.4),(0.0, 0.9, -0.1, -0.5),7.247313,n/a
32.13521,(0.7, 1.5, -0.4),(0.0, 0.9, -0.1, -0.5),7.505985,n/a
32.39033,(0.7, 1.5, -0.4),(0.0, 0.9, -0.1, -0.5),7.761098,n/a
32.6464,(0.7, 1.5, -0.4),(0.0, 0.9, -0.1, -0.5),8.017177,n/a
32.90526,(0.7, 1.5, -0.4),(0.0, 0.9, -0.1, -0.5),8.276042,n/a
33.16555,(0.7, 1.5, -0.4),(0.0, 0.9, -0.1, -0.5),8.536325,n/a
33.4179,(0.7, 1.5, -0.4),(0.1, -0.9, 0.1, 0.5),8.788683,n/a
33.67422,(0.7, 1.5, -0.4),(0.1, -0.8, 0.1, 0.5),9.045,n/a
33.93348,(0.7, 1.5, -0.3),(0.1, -0.8, 0.0, 0.6),9.304265,n/a
34.19154,(0.6, 1.5, -0.3),(0.0, -0.8, 0.0, 0.6),9.562318,n/a
34.44553,(0.6, 1.5, -0.3),(0.0, -0.8, 0.0, 0.6),9.816316,n/a
34.70315,(0.5, 1.5, -0.3),(0.0, -0.8, 0.0, 0.6),10.07394,n/a
34.95938,(0.5, 1.5, -0.3),(0.0, -0.8, 0.0, 0.6),10.33017,n/a
35.21757,(0.4, 1.5, -0.3),(0.0, -0.8, 0.0, 0.6),10.58835,n/a
35.47469,(0.4, 1.5, -0.3),(0.0, -0.8, 0.0, 0.6),10.84548,n/a
35.7314,(0.4, 1.5, -0.3),(0.0, -0.8, 0.0, 0.6),11.10218,n/a
35.98383,(0.3, 1.5, -0.3),(0.0, -0.8, 0.0, 0.6),11.35461,n/a
36.24083,(0.2, 1.5, -0.2),(0.0, -0.8, 0.0, 0.6),11.61161,n/a
36.50156,(0.2, 1.5, -0.2),(0.0, -0.8, 0.0, 0.6),11.87234,n/a
36.75938,(0.1, 1.5, -0.2),(0.0, -0.8, 0.0, 0.6),12.13016,n/a
37.01586,(0.1, 1.5, -0.2),(0.0, -0.8, 0.0, 0.6),12.38665,n/a
37.27235,(0.1, 1.5, -0.2),(0.0, -0.8, 0.0, 0.6),12.64315,n/a
37.52975,(0.1, 1.5, -0.2),(0.0, -0.8, 0.0, 0.5),12.90055,n/a
37.78601,(0.1, 1.5, -0.2),(0.0, -0.9, 0.0, 0.5),13.15682,n/a
38.04331,(0.1, 1.5, -0.2),(0.0, 0.9, 0.0, -0.5),13.41412,n/a
38.30332,(0.0, 1.5, -0.2),(0.0, 0.9, 0.0, -0.5),13.67413,n/a
38.55478,(0.0, 1.5, -0.2),(0.0, 0.9, 0.0, -0.4),13.9256,n/a
38.8142,(-0.1, 1.5, -0.2),(0.0, 0.9, 0.0, -0.4),14.18502,n/a
39.06893,(-0.2, 1.5, -0.3),(0.0, 0.9, 0.0, -0.4),0.04470057,14.39505
39.32691,(-0.2, 1.5, -0.3),(0.0, 0.9, 0.0, -0.5),0.30268,n/a
39.58521,(-0.2, 1.5, -0.3),(-0.1, 0.9, 0.0, -0.5),0.5609778,n/a
39.84184,(-0.2, 1.5, -0.3),(-0.1, 0.9, 0.0, -0.5),0.8176019,n/a
40.09908,(-0.2, 1.5, -0.2),(0.0, -0.8, 0.0, 0.6),1.074839,n/a
40.35613,(-0.1, 1.5, -0.2),(0.0, -0.8, 0.0, 0.6),1.331893,n/a
40.6118,(-0.1, 1.5, -0.2),(0.1, -0.8, 0.0, 0.6),1.587568,n/a
40.86988,(-0.1, 1.5, -0.2),(0.1, -0.7, 0.0, 0.7),1.845638,n/a
41.12637,(0.0, 1.5, -0.2),(0.1, -0.7, 0.0, 0.7),2.102138,n/a
41.38325,(0.0, 1.5, -0.2),(0.1, -0.7, 0.0, 0.7),2.359019,n/a
41.64033,(0.0, 1.5, -0.2),(0.1, -0.8, 0.0, 0.6),2.616099,n/a
41.89603,(0.0, 1.5, -0.2),(0.0, 0.9, 0.0, -0.5),2.871801,n/a
42.15282,(0.0, 1.5, -0.2),(0.0, 0.9, 0.0, -0.3),3.128587,n/a
42.41171,(0.1, 1.5, -0.2),(0.0, 1.0, 0.0, -0.3),3.387472,n/a
42.66768,(0.1, 1.5, -0.2),(0.0, 1.0, 0.0, -0.1),3.643442,n/a
42.92435,(0.2, 1.5, -0.2),(0.0, 1.0, 0.0, 0.0),3.90011,n/a
43.18132,(0.2, 1.5, -0.2),(0.0, 1.0, 0.0, 0.1),4.157087,n/a
43.43865,(0.3, 1.5, -0.3),(-0.1, 1.0, 0.0, 0.2),4.41443,n/a
43.69548,(0.3, 1.5, -0.3),(0.0, 0.9, -0.1, 0.4),4.671259,n/a
43.95155,(0.3, 1.5, -0.3),(0.0, 0.9, -0.1, 0.5),4.92733,n/a
44.20956,(0.3, 1.5, -0.3),(0.0, 0.8, -0.1, 0.6),5.185333,n/a
44.46627,(0.3, 1.5, -0.3),(0.0, 0.7, -0.1, 0.7),5.442035,n/a
44.72328,(0.3, 1.5, -0.2),(0.0, 0.7, -0.1, 0.7),5.699046,n/a
44.98022,(0.4, 1.5, -0.2),(0.0, 0.6, 0.0, 0.8),5.955976,n/a
45.23648,(0.4, 1.5, -0.2),(0.0, 0.6, 0.0, 0.8),6.212257,n/a
45.49189,(0.4, 1.5, -0.1),(0.0, 0.5, -0.1, 0.9),6.467665,n/a
45.75047,(0.5, 1.6, -0.1),(0.0, 0.4, -0.1, 0.9),6.726236,n/a
46.00856,(0.5, 1.6, -0.1),(0.0, 0.3, -0.1, 0.9),6.984334,n/a
46.26449,(0.6, 1.5, -0.1),(0.0, 0.2, -0.1, 1.0),7.240256,n/a
46.51931,(0.6, 1.5, -0.1),(0.0, 0.2, -0.1, 1.0),7.495078,n/a
46.77753,(0.6, 1.5, -0.1),(0.0, 0.1, -0.1, 1.0),7.753299,n/a
47.03548,(0.6, 1.5, 0.0),(0.0, 0.0, -0.1, 1.0),8.011259,n/a
47.29145,(0.6, 1.5, 0.0),(0.0, -0.1, -0.1, 1.0),8.267222,n/a
47.54702,(0.6, 1.6, 0.1),(0.0, -0.2, -0.1, 1.0),8.522799,n/a
47.80471,(0.7, 1.5, 0.1),(0.0, -0.3, 0.0, 1.0),8.780486,n/a
48.06135,(0.7, 1.5, 0.1),(0.1, -0.3, 0.0, 0.9),9.037129,n/a
48.31998,(0.7, 1.5, 0.2),(0.1, -0.3, 0.0, 0.9),9.295758,n/a
48.57639,(0.7, 1.5, 0.2),(0.1, -0.3, 0.0, 0.9),9.552181,n/a
48.83307,(0.7, 1.5, 0.2),(0.1, -0.3, 0.0, 0.9),9.808865,n/a
49.08947,(0.7, 1.5, 0.2),(0.1, -0.3, 0.0, 0.9),10.06526,n/a
49.34629,(0.6, 1.5, 0.3),(0.1, -0.3, 0.0, 0.9),10.32208,n/a
49.60487,(0.5, 1.5, 0.3),(0.1, -0.3, -0.1, 0.9),10.58065,n/a
49.85942,(0.5, 1.5, 0.4),(0.1, -0.4, -0.1, 0.9),10.8352,n/a
50.11583,(0.5, 1.5, 0.4),(0.1, -0.4, 0.0, 0.9),11.09161,n/a
50.37362,(0.4, 1.5, 0.5),(0.0, -0.4, 0.0, 0.9),11.34941,n/a
50.63276,(0.4, 1.5, 0.6),(0.1, -0.4, 0.0, 0.9),11.60854,n/a
50.88676,(0.3, 1.5, 0.7),(0.0, -0.4, 0.0, 0.9),11.86254,n/a
51.14365,(0.2, 1.5, 0.7),(0.0, -0.4, 0.0, 0.9),12.11943,n/a
51.40236,(0.2, 1.5, 0.7),(0.0, -0.4, 0.0, 0.9),12.37815,n/a
51.65835,(0.1, 1.5, 0.8),(0.1, -0.4, 0.0, 0.9),12.63414,n/a
51.91502,(0.1, 1.6, 0.9),(0.0, -0.4, 0.0, 0.9),12.89082,n/a
52.17192,(0.0, 1.6, 0.9),(0.0, -0.5, 0.0, 0.9),0.2233668,12.92436

[SUMMARY] Total Time: 52.17192s.  Time to each wapoint: [8.429252,16.19998,14.39505,12.92436]

====================================================================

0.2569837,(0.0, 1.5, 0.1),(0.3, 0.9, -0.2, -0.4),0.2569837,n/a
0.5135636,(-0.1, 1.4, 0.1),(0.4, 0.8, -0.3, -0.3),0.5135636,n/a
0.7713807,(-0.1, 1.4, 0.0),(0.5, 0.8, -0.3, -0.2),0.7713807,n/a
1.03178,(-0.1, 1.4, 0.0),(0.5, 0.8, -0.4, -0.1),1.03178,n/a
1.287064,(-0.1, 1.4, 0.0),(0.5, 0.8, -0.5, -0.1),1.287064,n/a
1.54309,(-0.1, 1.3, 0.0),(0.5, 0.7, -0.4, -0.2),1.54309,n/a
1.801322,(-0.1, 1.4, -0.1),(0.5, 0.8, -0.4, -0.2),1.801322,n/a
2.055069,(-0.1, 1.4, -0.1),(0.5, 0.8, -0.4, -0.2),2.055069,n/a
2.306162,(-0.1, 1.4, -0.1),(0.5, 0.8, -0.4, -0.2),2.306162,n/a
2.557578,(-0.1, 1.4, -0.1),(0.5, 0.8, -0.4, -0.2),2.557578,n/a
2.815171,(-0.1, 1.4, -0.1),(0.5, 0.8, -0.4, -0.2),2.815171,n/a
3.076464,(-0.1, 1.4, -0.1),(0.5, 0.8, -0.4, -0.2),3.076464,n/a
3.329536,(-0.1, 1.4, -0.1),(0.5, 0.8, -0.4, -0.2),3.329536,n/a
3.587955,(-0.1, 1.4, -0.1),(0.5, 0.8, -0.4, -0.2),3.587955,n/a
3.844697,(-0.1, 1.4, -0.1),(0.5, 0.8, -0.4, -0.2),3.844697,n/a
4.101646,(-0.1, 1.4, -0.1),(0.5, 0.8, -0.4, -0.2),4.101646,n/a
0.256209,(0.3, 1.5, -1.2),(0.1, 1.0, 0.0, 0.0),0.256209,n/a
0.5090325,(0.3, 1.5, -1.1),(0.1, 1.0, -0.2, 0.0),0.5090325,n/a
0.7670976,(0.0, 1.6, -0.8),(0.0, 1.0, -0.2, -0.1),0.7670976,n/a
1.026935,(0.1, 1.7, -0.6),(0.0, 1.0, -0.1, -0.1),1.026935,n/a
1.281751,(0.1, 1.7, -0.4),(0.0, 1.0, -0.1, 0.2),1.281751,n/a
1.536927,(0.1, 1.7, -0.3),(0.0, 0.8, -0.1, 0.5),1.536927,n/a
1.793691,(0.2, 1.7, -0.2),(0.0, 0.6, -0.1, 0.8),1.793691,n/a
2.054344,(0.2, 1.7, 0.0),(0.1, 0.3, -0.1, 1.0),2.054344,n/a
2.311614,(0.2, 1.7, 0.0),(0.1, 0.1, 0.0, 1.0),2.311614,n/a
2.564336,(0.2, 1.7, 0.0),(0.1, 0.0, 0.0, 1.0),2.564336,n/a
2.820979,(0.3, 1.7, 0.0),(0.1, 0.0, 0.0, 1.0),2.820979,n/a
3.077975,(0.3, 1.7, 0.0),(0.0, 0.0, 0.0, 1.0),3.077975,n/a
3.335117,(0.4, 1.7, 0.1),(0.0, 0.0, 0.0, 1.0),3.335117,n/a
3.591866,(0.4, 1.7, 0.2),(0.0, 0.1, 0.0, 1.0),3.591866,n/a
3.852635,(0.5, 1.7, 0.3),(0.0, 0.1, 0.0, 1.0),3.852635,n/a
4.105412,(0.5, 1.7, 0.5),(0.1, 0.2, 0.0, 1.0),4.105412,n/a
4.362846,(0.6, 1.7, 0.8),(0.1, 0.3, 0.0, 1.0),0.1114399,4.251406
4.620153,(0.6, 1.7, 0.9),(0.2, 0.3, 0.0, 0.9),0.3687467,n/a
4.876488,(0.6, 1.7, 0.8),(0.1, 0.6, 0.0, 0.8),0.6250826,n/a
5.133261,(0.6, 1.7, 0.7),(0.0, 0.8, -0.1, 0.5),0.8818555,n/a
5.389984,(0.5, 1.7, 0.5),(0.0, 1.0, -0.1, 0.2),1.138579,n/a
5.647709,(0.5, 1.7, 0.5),(0.0, 1.0, -0.2, -0.1),1.396305,n/a
5.903702,(0.5, 1.7, 0.5),(0.0, 1.0, -0.2, -0.1),1.652298,n/a
6.161587,(0.5, 1.6, 0.4),(-0.1, 0.9, -0.3, 0.1),1.910183,n/a
6.417682,(0.5, 1.5, 0.3),(-0.1, 0.9, -0.3, 0.3),2.166277,n/a
6.674738,(0.6, 1.4, 0.3),(-0.2, 0.9, -0.2, 0.4),2.423334,n/a
6.931757,(0.9, 1.4, 0.3),(-0.2, 0.8, -0.1, 0.6),2.680354,n/a
7.188552,(0.9, 1.4, 0.4),(-0.1, 0.7, 0.0, 0.7),2.937151,n/a
7.445287,(0.8, 1.5, 0.4),(0.0, 0.7, 0.0, 0.7),3.193884,n/a
7.702521,(0.7, 1.5, 0.4),(-0.1, 0.7, 0.1, 0.7),3.451118,n/a
7.960341,(0.7, 1.4, 0.3),(-0.2, 0.9, 0.0, 0.5),3.70894,n/a
8.217015,(0.7, 1.4, 0.3),(-0.2, 0.9, 0.1, 0.5),3.965612,n/a
8.473022,(0.7, 1.5, 0.3),(-0.1, 0.9, 0.1, 0.3),4.221618,n/a
8.732985,(0.8, 1.5, 0.3),(0.0, 1.0, 0.1, 0.0),4.481583,n/a
8.99241,(0.8, 1.4, 0.3),(0.1, 1.0, 0.1, 0.0),4.74101,n/a
9.246524,(0.7, 1.4, 0.3),(0.0, 1.0, 0.1, -0.1),4.995124,n/a
9.501954,(0.7, 1.5, 0.3),(-0.1, 1.0, 0.0, -0.2),5.250554,n/a
9.757643,(0.7, 1.5, 0.2),(0.0, 1.0, 0.0, -0.3),5.506241,n/a
10.01625,(0.8, 1.6, 0.2),(-0.1, 0.9, -0.1, -0.4),5.764852,n/a
10.27154,(0.9, 1.6, 0.1),(-0.1, 0.9, -0.2, -0.4),6.020135,n/a
10.52988,(0.8, 1.6, 0.2),(0.0, 1.0, -0.1, -0.3),6.278479,n/a
10.78539,(0.8, 1.6, 0.2),(0.0, 1.0, -0.1, -0.2),6.533989,n/a
11.04435,(0.8, 1.6, 0.2),(0.0, 1.0, 0.0, -0.2),6.792951,n/a
11.30181,(0.8, 1.6, 0.2),(0.0, 1.0, -0.1, -0.2),7.050406,n/a
11.5563,(0.8, 1.6, 0.2),(0.0, 1.0, 0.0, -0.1),7.304892,n/a
11.81326,(0.8, 1.6, 0.2),(0.0, 1.0, 0.0, -0.1),7.561857,n/a
12.07364,(0.8, 1.6, 0.2),(0.0, 1.0, 0.0, -0.1),7.822236,n/a
12.33007,(0.8, 1.6, 0.2),(0.0, 1.0, -0.1, -0.1),8.07867,n/a
12.5865,(0.8, 1.6, 0.2),(0.0, 1.0, -0.1, -0.1),8.335095,n/a
12.84447,(0.8, 1.6, 0.2),(0.1, 1.0, -0.1, 0.0),8.593061,n/a
13.10002,(0.8, 1.6, 0.2),(0.0, 1.0, -0.1, -0.1),8.848619,n/a
13.35779,(0.8, 1.6, 0.2),(0.0, 1.0, -0.1, 0.0),9.106387,n/a
13.61548,(0.8, 1.6, 0.2),(0.0, 1.0, 0.0, -0.1),9.364076,n/a
13.87103,(0.8, 1.6, 0.1),(0.0, 1.0, 0.0, 0.0),9.619625,n/a
14.12746,(0.8, 1.6, 0.1),(0.0, 1.0, -0.1, -0.1),9.876059,n/a
14.38562,(0.8, 1.6, 0.1),(0.0, 1.0, -0.2, -0.1),10.13422,n/a
14.64274,(0.8, 1.5, 0.0),(0.0, 0.9, -0.3, 0.0),10.39133,n/a
14.90012,(0.8, 1.5, -0.1),(0.0, 0.9, -0.3, 0.0),10.64872,n/a
15.15454,(0.8, 1.5, -0.2),(0.0, 0.9, -0.3, 0.0),10.90313,n/a
15.41386,(0.8, 1.5, -0.2),(0.0, 1.0, -0.3, 0.0),11.16246,n/a
15.66882,(0.8, 1.5, -0.3),(0.0, 1.0, -0.2, 0.0),11.41742,n/a
15.92717,(0.8, 1.6, -0.4),(0.0, 1.0, -0.2, 0.0),11.67576,n/a
16.18175,(0.8, 1.6, -0.5),(0.0, 1.0, -0.2, 0.0),0.01122711,11.91912
16.43971,(0.8, 1.5, -0.6),(0.0, 1.0, -0.2, 0.0),0.2691883,n/a
16.69791,(0.8, 1.5, -0.7),(0.0, 1.0, -0.3, 0.0),0.5273994,n/a
16.95305,(0.8, 1.5, -0.7),(0.0, 1.0, -0.3, 0.0),0.782533,n/a
17.21053,(0.8, 1.5, -0.6),(0.0, 1.0, -0.2, 0.0),1.040013,n/a
17.46916,(0.8, 1.6, -0.5),(0.0, 1.0, -0.2, 0.0),1.298646,n/a
17.72583,(0.8, 1.6, -0.4),(0.0, 1.0, -0.2, 0.0),1.555315,n/a
17.97999,(0.8, 1.6, -0.3),(0.0, 1.0, -0.1, 0.0),1.809468,n/a
18.23946,(0.8, 1.6, -0.3),(0.0, 1.0, -0.1, 0.1),2.068938,n/a
18.49648,(0.8, 1.6, -0.2),(0.1, 0.9, -0.1, 0.3),2.325958,n/a
18.7529,(0.9, 1.6, -0.1),(0.1, 0.8, -0.1, 0.5),2.582388,n/a
19.00698,(0.9, 1.6, -0.1),(0.1, 0.7, -0.1, 0.7),2.83646,n/a
19.26306,(0.9, 1.6, 0.0),(0.1, 0.4, -0.1, 0.9),3.092536,n/a
19.52079,(0.9, 1.6, 0.0),(0.1, 0.2, 0.0, 1.0),3.350269,n/a
19.78014,(0.9, 1.6, -0.1),(0.1, 0.1, 0.0, 1.0),3.609622,n/a
20.03753,(0.9, 1.6, -0.1),(0.1, 0.0, 0.0, 1.0),3.86701,n/a
20.29596,(0.8, 1.6, 0.0),(0.1, -0.2, 0.0, 1.0),4.125449,n/a
20.54908,(0.8, 1.6, 0.0),(0.1, -0.3, 0.0, 1.0),4.378571,n/a
20.80567,(0.8, 1.6, 0.0),(0.1, -0.3, 0.0, 0.9),4.635159,n/a
21.06488,(0.8, 1.6, 0.0),(0.2, -0.5, 0.1, 0.9),4.894362,n/a
21.32125,(0.8, 1.6, -0.1),(0.2, -0.6, 0.1, 0.8),5.15074,n/a
21.58014,(0.8, 1.6, -0.1),(0.2, -0.7, 0.1, 0.7),5.409628,n/a
21.83295,(0.7, 1.5, -0.2),(0.2, -0.7, 0.2, 0.6),5.662433,n/a
22.09173,(0.7, 1.5, -0.2),(0.2, -0.8, 0.2, 0.6),5.921222,n/a
22.34828,(0.6, 1.5, -0.2),(0.2, -0.8, 0.2, 0.5),6.177766,n/a
22.60556,(0.6, 1.5, -0.2),(-0.2, 0.8, -0.2, -0.4),6.435049,n/a
22.86353,(0.6, 1.5, -0.2),(-0.1, 0.9, -0.2, -0.4),6.693017,n/a
23.12891,(0.6, 1.5, -0.2),(-0.1, 0.9, -0.3, -0.4),6.958399,n/a
23.38507,(0.5, 1.5, -0.2),(-0.1, 0.9, -0.3, -0.4),7.214558,n/a
23.64168,(0.5, 1.5, -0.2),(-0.1, 0.9, -0.3, -0.4),7.471167,n/a
23.90216,(0.4, 1.6, -0.2),(-0.1, 0.9, -0.2, -0.4),7.731651,n/a
24.15959,(0.3, 1.6, -0.2),(-0.1, 0.9, -0.2, -0.4),7.989075,n/a
24.41654,(0.3, 1.6, -0.3),(-0.1, 0.9, -0.3, -0.4),8.246028,n/a
24.67097,(0.3, 1.6, -0.3),(-0.1, 0.9, -0.2, -0.4),8.500455,n/a
24.9291,(0.2, 1.6, -0.3),(-0.1, 0.9, -0.2, -0.4),8.758591,n/a
25.18764,(0.2, 1.6, -0.4),(-0.1, 0.9, -0.2, -0.4),9.017126,n/a
25.44338,(0.1, 1.6, -0.4),(-0.1, 0.9, -0.2, -0.4),9.272867,n/a
25.70046,(-0.1, 1.5, -0.5),(-0.1, 0.9, -0.2, -0.4),0.1453962,9.384551
25.95527,(-0.1, 1.5, -0.5),(-0.1, 0.9, -0.2, -0.4),0.4002084,n/a
26.21342,(-0.1, 1.5, -0.5),(-0.1, 0.9, -0.3, -0.4),0.6583537,n/a
26.47091,(0.1, 1.5, -0.4),(-0.2, 0.8, -0.3, -0.4),0.9158456,n/a
26.72751,(0.2, 1.5, -0.4),(-0.1, 0.9, -0.3, -0.4),1.172452,n/a
26.98299,(0.3, 1.6, -0.3),(-0.1, 0.9, -0.2, -0.4),1.427934,n/a
27.24094,(0.3, 1.6, -0.3),(-0.1, 0.9, -0.2, -0.4),1.685888,n/a
27.49723,(0.4, 1.6, -0.3),(-0.1, 0.9, -0.2, -0.3),1.942173,n/a
27.75536,(0.5, 1.6, -0.3),(-0.1, 0.9, -0.2, -0.3),2.200304,n/a
28.00971,(0.5, 1.6, -0.3),(-0.1, 1.0, -0.2, -0.1),2.454661,n/a
28.26914,(0.4, 1.6, -0.3),(-0.1, 0.9, -0.2, -0.4),2.714089,n/a
28.52501,(0.4, 1.6, -0.2),(0.1, -0.6, 0.1, 0.8),2.969956,n/a
28.78281,(0.4, 1.6, -0.1),(0.1, -0.4, 0.1, 0.9),3.227754,n/a
29.03963,(0.4, 1.6, -0.1),(0.2, -0.4, 0.1, 0.9),3.484564,n/a
29.29697,(0.3, 1.6, 0.0),(0.2, -0.4, 0.1, 0.9),3.741909,n/a
29.5514,(0.2, 1.6, 0.1),(0.2, -0.4, 0.1, 0.9),3.996344,n/a
29.81122,(0.2, 1.6, 0.1),(0.2, -0.4, 0.1, 0.9),4.256168,n/a
30.06866,(0.1, 1.6, 0.2),(0.2, -0.4, 0.1, 0.9),4.513608,n/a
30.32359,(0.1, 1.6, 0.2),(0.2, -0.4, 0.1, 0.9),4.768539,n/a
30.57852,(0.1, 1.6, 0.2),(0.2, -0.4, 0.1, 0.9),5.02347,n/a
30.83684,(0.1, 1.6, 0.3),(0.2, -0.4, 0.1, 0.9),5.281797,n/a
31.09569,(0.1, 1.6, 0.3),(0.2, -0.4, 0.1, 0.9),5.540647,n/a
31.35143,(0.1, 1.6, 0.3),(0.2, -0.4, 0.1, 0.9),5.796392,n/a
31.60876,(0.0, 1.6, 0.4),(0.2, -0.4, 0.1, 0.9),6.053726,n/a
31.86335,(0.0, 1.6, 0.4),(0.2, -0.4, 0.1, 0.9),6.308317,n/a
32.12142,(-0.1, 1.6, 0.5),(0.2, -0.4, 0.1, 0.9),0.02254052,6.543839

[SUMMARY] Total Time: 32.12142s.  Time to each wapoint: [4.251406,11.91912,9.384551,6.543839]

====================================================================

